1773996600707 0.617977499961853 0
1773996600797 0.7172284722328186 1
1773996600883 0.7490636706352234 2
1773996600982 0.7771535515785217 3
1773996601075 0.7940074801445007 4
1773996601161 0.8033707737922668 5
1773996601246 0.8014981150627136 6
1773996601330 0.8014981150627136 7
1773996601417 0.8108614087104797 8
1773996601518 0.8052434325218201 9
1773996601605 0.8202247023582458 10
1773996601698 0.8220973610877991 11
1773996601785 0.829587996006012 12
1773996601869 0.8146067261695862 13
1773996601962 0.8239700198173523 14
