1773996600707 0.0010000000474974513 0
1773996600797 0.0010000000474974513 1
1773996600883 0.0010000000474974513 2
1773996600982 0.0010000000474974513 3
1773996601075 0.0010000000474974513 4
1773996601161 0.0010000000474974513 5
1773996601246 0.0010000000474974513 6
1773996601330 0.0010000000474974513 7
1773996601417 0.0010000000474974513 8
1773996601518 0.0010000000474974513 9
1773996601605 0.0010000000474974513 10
1773996601698 0.0010000000474974513 11
1773996601785 0.0010000000474974513 12
1773996601869 0.0010000000474974513 13
1773996601962 0.0010000000474974513 14
