1773996600707 0.6280933022499084 0
1773996600797 0.5476465821266174 1
1773996600883 0.5093590617179871 2
1773996600982 0.47219759225845337 3
1773996601075 0.44770732522010803 4
1773996601161 0.44188085198402405 5
1773996601246 0.4296035170555115 6
1773996601330 0.42482316493988037 7
1773996601417 0.41291797161102295 8
1773996601518 0.4112388491630554 9
1773996601605 0.4105687439441681 10
1773996601698 0.40216901898384094 11
1773996601785 0.40038564801216125 12
1773996601869 0.39697566628456116 13
1773996601962 0.3919157087802887 14
