1773996600707 0.5714285969734192 0
1773996600797 0.7250000238418579 1
1773996600883 0.7795275449752808 2
1773996600982 0.7239583134651184 3
1773996601075 0.7513227462768555 4
1773996601161 0.7808988690376282 5
1773996601246 0.7765362858772278 6
1773996601330 0.7928994297981262 7
1773996601417 0.7574257254600525 8
1773996601518 0.7853107452392578 9
1773996601605 0.8044692873954773 10
1773996601698 0.8160919547080994 11
1773996601785 0.8352941274642944 12
1773996601869 0.7819148898124695 13
1773996601962 0.8363636136054993 14
