1773996600707 0.019512195140123367 0
1773996600797 0.4243902564048767 1
1773996600883 0.4829268157482147 2
1773996600982 0.6780487895011902 3
1773996601075 0.6926829218864441 4
1773996601161 0.6780487895011902 5
1773996601246 0.6780487895011902 6
1773996601330 0.6536585092544556 7
1773996601417 0.7463414669036865 8
1773996601518 0.6780487895011902 9
1773996601605 0.70243901014328 10
1773996601698 0.6926829218864441 11
1773996601785 0.6926829218864441 12
1773996601869 0.7170731425285339 13
1773996601962 0.6731707453727722 14
