1774016991825 0.47317073170731705 0
1774016991851 0.6341463414634146 1
1774016991876 0.6292682926829268 2
1774016991903 0.6829268292682927 3
1774016991928 0.6926829268292682 4
1774016991956 0.6439024390243903 5
1774016991982 0.6878048780487804 6
1774016992011 0.6585365853658537 7
1774016992037 0.6585365853658537 8
1774016992062 0.6585365853658537 9
1774016992088 0.6487804878048781 10
1774016992133 0.6878048780487804 11
1774016992161 0.6829268292682927 12
1774016992186 0.6926829268292682 13
1774016992213 0.6926829268292682 14
1774016991825 0.47317073170731705 0
