1774016991825 0.5878787878787879 0
1774016991851 0.6914893617021277 1
1774016991876 0.7329545454545454 2
1774016991903 0.7407407407407407 3
1774016991928 0.7675675675675676 4
1774016991956 0.7542857142857143 5
1774016991982 0.8057142857142857 6
1774016992011 0.7714285714285715 7
1774016992037 0.7627118644067796 8
1774016992062 0.7803468208092486 9
1774016992088 0.7869822485207101 10
1774016992133 0.8011363636363636 11
1774016992161 0.8383233532934131 12
1774016992186 0.7845303867403315 13
1774016992213 0.7932960893854749 14
1774016991825 0.5878787878787879 0
