1774016991825 0.6239084180663613 0
1774016991851 0.5417718115974876 1
1774016991876 0.5045753980384153 2
1774016991903 0.47974177669076357 3
1774016991928 0.4744459338047925 4
1774016991956 0.4586591685519499 5
1774016991982 0.4406773079844082 6
1774016992011 0.44942715413430157 7
1774016992037 0.44910194943932924 8
1774016992062 0.4284591166412129 9
1774016992088 0.4423828808700337 10
1774016992133 0.4386942842427422 11
1774016992161 0.4267391457277186 12
1774016992186 0.4345481202882879 13
1774016992213 0.4257924521670622 14
1774016991825 0.6239084180663613 0
