1774016991825 0.6704119850187266 0
1774016991851 0.7509363295880149 1
1774016991876 0.7696629213483146 2
1774016991903 0.7865168539325843 3
1774016991928 0.8014981273408239 4
1774016991956 0.7827715355805244 5
1774016991982 0.8164794007490637 6
1774016992011 0.7940074906367042 7
1774016992037 0.7902621722846442 8
1774016992062 0.797752808988764 9
1774016992088 0.797752808988764 10
1774016992133 0.8146067415730337 11
1774016992161 0.8277153558052435 12
1774016992186 0.8089887640449438 13
1774016992213 0.8127340823970037 14
1774016991825 0.6704119850187266 0
