1774016986407 0.5898876404494382 0
1774016986427 0.7359550561797753 1
1774016986448 0.7471910112359551 2
1774016986468 0.7546816479400749 3
1774016986487 0.7790262172284644 4
1774016986507 0.8071161048689138 5
1774016986526 0.795880149812734 6
1774016986546 0.8033707865168539 7
1774016986566 0.8052434456928839 8
1774016986585 0.799625468164794 9
1774016986637 0.8071161048689138 10
1774016986658 0.8014981273408239 11
1774016986679 0.8033707865168539 12
1774016986699 0.8164794007490637 13
1774016986718 0.8183520599250936 14
1774016986407 0.5898876404494382 0
