1774016986407 0.4690265486725664 0
1774016986427 0.872093023255814 1
1774016986448 0.71875 2
1774016986468 0.7402597402597403 3
1774016986487 0.7880794701986755 4
1774016986507 0.7865168539325843 5
1774016986526 0.7666666666666667 6
1774016986546 0.7840909090909091 7
1774016986566 0.8023952095808383 8
1774016986585 0.7987804878048781 9
1774016986637 0.7931034482758621 10
1774016986658 0.7796610169491526 11
1774016986679 0.7941176470588235 12
1774016986699 0.8364779874213837 13
1774016986718 0.8375 14
1774016986407 0.4690265486725664 0
