1774016986407 0.6657823078772601 0
1774016986427 0.5774352988776039 1
1774016986448 0.5188847604919883 2
1774016986468 0.4843207913286546 3
1774016986487 0.4612657112233779 4
1774016986507 0.44676342080621156 5
1774016986526 0.4376540587228887 6
1774016986546 0.4258531472262214 7
1774016986566 0.4283897631308612 8
1774016986585 0.4314756954417509 9
1774016986637 0.4284343333805309 10
1774016986658 0.4194334149360657 11
1774016986679 0.4168470624615164 12
1774016986699 0.407754848985111 13
1774016986718 0.4190479832537034 14
1774016986407 0.6657823078772601 0
