1774016986407 0.5170731707317073 0
1774016986427 0.36585365853658536 1
1774016986448 0.5609756097560976 2
1774016986468 0.5560975609756098 3
1774016986487 0.5804878048780487 4
1774016986507 0.6829268292682927 5
1774016986526 0.6731707317073171 6
1774016986546 0.6731707317073171 7
1774016986566 0.6536585365853659 8
1774016986585 0.6390243902439025 9
1774016986637 0.6731707317073171 10
1774016986658 0.6731707317073171 11
1774016986679 0.6585365853658537 12
1774016986699 0.6487804878048781 13
1774016986718 0.6536585365853659 14
1774016986407 0.5170731707317073 0
