1774014703699 0.0 0
1774014703737 0.17560975609756097 1
1774014703759 0.4585365853658537 2
1774014703780 0.5121951219512195 3
1774014703801 0.6829268292682927 4
1774014703821 0.6878048780487804 5
1774014703841 0.6536585365853659 6
1774014703863 0.6780487804878049 7
1774014703888 0.7024390243902439 8
1774014703935 0.697560975609756 9
1774014703957 0.7073170731707317 10
1774014703981 0.6878048780487804 11
1774014704002 0.7219512195121951 12
1774014704026 0.7121951219512195 13
1774014704052 0.7268292682926829 14
1774014703699 0.0 0
