1774014703699 0.6161048689138576 0
1774014703737 0.6835205992509363 1
1774014703759 0.7434456928838952 2
1774014703780 0.7546816479400749 3
1774014703801 0.7846441947565543 4
1774014703821 0.7902621722846442 5
1774014703841 0.799625468164794 6
1774014703863 0.7883895131086143 7
1774014703888 0.7846441947565543 8
1774014703935 0.7827715355805244 9
1774014703957 0.7902621722846442 10
1774014703981 0.8146067415730337 11
1774014704002 0.8127340823970037 12
1774014704026 0.8183520599250936 13
1774014704052 0.8164794007490637 14
1774014703699 0.6161048689138576 0
