1774014703699 0.6710865637835335 0
1774014703737 0.6079653536572176 1
1774014703759 0.5396909643622005 2
1774014703780 0.4983525118407081 3
1774014703801 0.47386183808831606 4
1774014703821 0.45821843427770276 5
1774014703841 0.446022968081867 6
1774014703863 0.4522968267693239 7
1774014703888 0.4453733282930711 8
1774014703935 0.4426537752151489 9
1774014703957 0.4312556315870846 10
1774014703981 0.4187909557538874 11
1774014704002 0.41171398495926576 12
1774014704026 0.41371214565108805 13
1774014704052 0.41351209317936616 14
1774014703699 0.6710865637835335 0
