1774014703699 0.0 0
1774014703737 1.0 1
1774014703759 0.7833333333333333 2
1774014703780 0.7720588235294118 3
1774014703801 0.7368421052631579 4
1774014703821 0.746031746031746 5
1774014703841 0.788235294117647 6
1774014703863 0.7473118279569892 7
1774014703888 0.7272727272727273 8
1774014703935 0.7258883248730964 9
1774014703957 0.7360406091370558 10
1774014703981 0.8011363636363636 11
1774014704002 0.774869109947644 12
1774014704026 0.7934782608695652 13
1774014704052 0.7801047120418848 14
1774014703699 0.0 0
