1774013422723 0.0 0
1774013422743 1.0 1
1774013422770 0.7744360902255639 2
1774013422791 0.7134146341463414 3
1774013422811 0.7094972067039106 4
1774013422831 0.7426900584795322 5
1774013422852 0.7804878048780488 6
1774013422872 0.7277486910994765 7
1774013422891 0.7527472527472527 8
1774013422918 0.7931034482758621 9
1774013422938 0.7816091954022989 10
1774013422959 0.7976190476190477 11
1774013422980 0.7692307692307693 12
1774013423000 0.803680981595092 13
1774013423020 0.7621621621621621 14
1774013422723 0.0 0
