1774013422723 0.6161048689138576 0
1774013422743 0.6292134831460674 1
1774013422770 0.7528089887640449 2
1774013422791 0.7471910112359551 3
1774013422811 0.7565543071161048 4
1774013422831 0.7715355805243446 5
1774013422852 0.7883895131086143 6
1774013422872 0.7790262172284644 7
1774013422891 0.7883895131086143 8
1774013422918 0.8071161048689138 9
1774013422938 0.799625468164794 10
1774013422959 0.8033707865168539 11
1774013422980 0.799625468164794 12
1774013423000 0.8014981273408239 13
1774013423020 0.797752808988764 14
1774013422723 0.6161048689138576 0
