1774013422723 0.6629125405760372 0
1774013422743 0.5997106152422288 1
1774013422770 0.5400774847058689 2
1774013422791 0.5085008968325222 3
1774013422811 0.48380507441128 4
1774013422831 0.472421795129776 5
1774013422852 0.4886735747842228 6
1774013422872 0.462963812491473 7
1774013422891 0.44466153137824116 8
1774013422918 0.4425489657065448 9
1774013422938 0.4361593600581674 10
1774013422959 0.43628289594369773 11
1774013422980 0.42825384175076203 12
1774013423000 0.42646871419513926 13
1774013423020 0.4227011519319871 14
1774013422723 0.6629125405760372 0
