1774013422723 0.0 0
1774013422743 0.03414634146341464 1
1774013422770 0.5024390243902439 2
1774013422791 0.5707317073170731 3
1774013422811 0.6195121951219512 4
1774013422831 0.6195121951219512 5
1774013422852 0.624390243902439 6
1774013422872 0.6780487804878049 7
1774013422891 0.6682926829268293 8
1774013422918 0.6731707317073171 9
1774013422938 0.6634146341463415 10
1774013422959 0.6536585365853659 11
1774013422980 0.6829268292682927 12
1774013423000 0.6390243902439025 13
1774013423020 0.6878048780487804 14
1774013422723 0.0 0
