1774014715638 0.5905511811023622 0
1774014715665 0.723404255319149 1
1774014715691 0.711340206185567 2
1774014715717 0.7340425531914894 3
1774014715747 0.7526315789473684 4
1774014715775 0.7747252747252747 5
1774014715807 0.7379679144385026 6
1774014715834 0.8057142857142857 7
1774014715860 0.8011049723756906 8
1774014715888 0.7944444444444444 9
1774014715913 0.8238636363636364 10
1774014715941 0.8228571428571428 11
1774014715968 0.8255813953488372 12
1774014715996 0.7932960893854749 13
1774014716025 0.8083832335329342 14
1774014715638 0.5905511811023622 0
