1774014715638 0.6234417329816258 0
1774014715665 0.5141458686660317 1
1774014715691 0.4832146167755127 2
1774014715717 0.4667098995517282 3
1774014715747 0.46207621868918924 4
1774014715775 0.44202851372606616 5
1774014715807 0.4469552688738879 6
1774014715834 0.43169204978381887 7
1774014715860 0.43041346178335305 8
1774014715888 0.4368339128354016 9
1774014715913 0.4237437879337984 10
1774014715941 0.4169217006248586 11
1774014715968 0.43313150020206675 12
1774014715996 0.438251546200584 13
1774014716025 0.4370441349113689 14
1774014715638 0.6234417329816258 0
