1774014715638 0.6591760299625468 0
1774014715665 0.7734082397003745 1
1774014715691 0.7696629213483146 2
1774014715717 0.7808988764044944 3
1774014715747 0.795880149812734 4
1774014715775 0.8033707865168539 5
1774014715807 0.7827715355805244 6
1774014715834 0.8164794007490637 7
1774014715860 0.8202247191011236 8
1774014715888 0.8146067415730337 9
1774014715913 0.8295880149812734 10
1774014715941 0.8277153558052435 11
1774014715968 0.8258426966292135 12
1774014715996 0.8127340823970037 13
1774014716025 0.8089887640449438 14
1774014715638 0.6591760299625468 0
