1774014715638 0.36585365853658536 0
1774014715665 0.6634146341463415 1
1774014715691 0.6731707317073171 2
1774014715717 0.6731707317073171 3
1774014715747 0.697560975609756 4
1774014715775 0.6878048780487804 5
1774014715807 0.6731707317073171 6
1774014715834 0.6878048780487804 7
1774014715860 0.7073170731707317 8
1774014715888 0.697560975609756 9
1774014715913 0.7073170731707317 10
1774014715941 0.7024390243902439 11
1774014715968 0.6926829268292682 12
1774014715996 0.6926829268292682 13
1774014716025 0.6585365853658537 14
1774014715638 0.36585365853658536 0
