1774013414240 0.6479400749063671 0
1774013414288 0.7303370786516854 1
1774013414353 0.7434456928838952 2
1774013414389 0.7621722846441947 3
1774013414429 0.7940074906367042 4
1774013414486 0.7808988764044944 5
1774013414554 0.7902621722846442 6
1774013414595 0.799625468164794 7
1774013414639 0.795880149812734 8
1774013414711 0.795880149812734 9
1774013414761 0.8071161048689138 10
1774013414858 0.8164794007490637 11
1774013414937 0.8071161048689138 12
1774013414977 0.8108614232209738 13
1774013415031 0.8164794007490637 14
1774013414240 0.6479400749063671 0
