1774013414240 0.5485714285714286 0
1774013414288 0.8080808080808081 1
1774013414353 0.7048192771084337 2
1774013414389 0.7378048780487805 3
1774013414429 0.8104575163398693 4
1774013414486 0.7178217821782178 5
1774013414554 0.7313432835820896 6
1774013414595 0.7722222222222223 7
1774013414639 0.7424242424242424 8
1774013414711 0.7608695652173914 9
1774013414761 0.7684210526315789 10
1774013414858 0.8165680473372781 11
1774013414937 0.7602040816326531 12
1774013414977 0.7653061224489796 13
1774013415031 0.8128654970760234 14
1774013414240 0.5485714285714286 0
