1774013414240 0.6685493623509127 0
1774013414288 0.5881471353418687 1
1774013414353 0.5200077505672679 2
1774013414389 0.4954601701568155 3
1774013414429 0.4597310160889345 4
1774013414486 0.4615219586035785 5
1774013414554 0.4412635985542746 6
1774013414595 0.43198928236961365 7
1774013414639 0.4238159779240103 8
1774013414711 0.4250105584368986 9
1774013414761 0.4145943241960862 10
1774013414858 0.41110581159591675 11
1774013414937 0.41447383691282835 12
1774013414977 0.40344716170254874 13
1774013415031 0.4055311075028251 14
1774013414240 0.6685493623509127 0
