1774013414240 0.4682926829268293 0
1774013414288 0.3902439024390244 1
1774013414353 0.5707317073170731 2
1774013414389 0.5902439024390244 3
1774013414429 0.6048780487804878 4
1774013414486 0.7073170731707317 5
1774013414554 0.7170731707317073 6
1774013414595 0.6780487804878049 7
1774013414639 0.7170731707317073 8
1774013414711 0.6829268292682927 9
1774013414761 0.7121951219512195 10
1774013414858 0.6731707317073171 11
1774013414937 0.7268292682926829 12
1774013414977 0.7317073170731707 13
1774013415031 0.6780487804878049 14
1774013414240 0.4682926829268293 0
