1774016997408 0.551219512195122 0
1774016997434 0.7024390243902439 1
1774016997461 0.7414634146341463 2
1774016997487 0.697560975609756 3
1774016997512 0.6926829268292682 4
1774016997537 0.7024390243902439 5
1774016997562 0.7024390243902439 6
1774016997589 0.697560975609756 7
1774016997637 0.7365853658536585 8
1774016997667 0.6292682926829268 9
1774016997696 0.6731707317073171 10
1774016997721 0.6926829268292682 11
1774016997747 0.6439024390243903 12
1774016997773 0.6926829268292682 13
1774016997798 0.6585365853658537 14
1774016997408 0.551219512195122 0
