1774016997408 0.5621890547263682 0
1774016997434 0.6545454545454545 1
1774016997461 0.6940639269406392 2
1774016997487 0.7009803921568627 3
1774016997512 0.743455497382199 4
1774016997537 0.7659574468085106 5
1774016997562 0.7578947368421053 6
1774016997589 0.8033707865168539 7
1774016997637 0.7905759162303665 8
1774016997667 0.7865853658536586 9
1774016997696 0.7624309392265194 10
1774016997721 0.8304093567251462 11
1774016997747 0.7857142857142857 12
1774016997773 0.8022598870056498 13
1774016997798 0.84375 14
1774016997408 0.5621890547263682 0
