1774016997408 0.6188350495170144 0
1774016997434 0.5427130565923803 1
1774016997461 0.4924165483783273 2
1774016997487 0.4830901464995216 3
1774016997512 0.465894713121302 4
1774016997537 0.4587085825555465 5
1774016997562 0.44642112184973326 6
1774016997589 0.4523285679957446 7
1774016997637 0.4146924316883087 8
1774016997667 0.4297776765683118 9
1774016997696 0.439296939793755 10
1774016997721 0.41532985953723683 11
1774016997747 0.4345673778477837 12
1774016997773 0.42265944971757774 13
1774016997798 0.4106873834834379 14
1774016997408 0.6188350495170144 0
