1774016997408 0.6629213483146067 0
1774016997434 0.7434456928838952 1
1774016997461 0.7752808988764045 2
1774016997487 0.7696629213483146 3
1774016997512 0.7902621722846442 4
1774016997537 0.8033707865168539 5
1774016997562 0.799625468164794 6
1774016997589 0.8183520599250936 7
1774016997637 0.8239700374531835 8
1774016997667 0.7921348314606742 9
1774016997696 0.7940074906367042 10
1774016997721 0.8277153558052435 11
1774016997747 0.795880149812734 12
1774016997773 0.8164794007490637 13
1774016997798 0.8220973782771536 14
1774016997408 0.6629213483146067 0
