1774016989132 0.6161048689138576 0
1774016989160 0.6591760299625468 1
1774016989179 0.7209737827715356 2
1774016989199 0.7434456928838952 3
1774016989218 0.7584269662921348 4
1774016989238 0.7902621722846442 5
1774016989257 0.7883895131086143 6
1774016989276 0.8033707865168539 7
1774016989297 0.7921348314606742 8
1774016989317 0.797752808988764 9
1774016989336 0.8089887640449438 10
1774016989355 0.7921348314606742 11
1774016989375 0.795880149812734 12
1774016989395 0.8127340823970037 13
1774016989415 0.7902621722846442 14
1774016989132 0.6161048689138576 0
