1774016989132 0.0 0
1774016989160 0.8108108108108109 1
1774016989179 0.6609195402298851 2
1774016989199 0.7098765432098766 3
1774016989218 0.7209302325581395 4
1774016989238 0.7657142857142857 5
1774016989257 0.7584269662921348 6
1774016989276 0.7873563218390804 7
1774016989297 0.7764705882352941 8
1774016989317 0.7771428571428571 9
1774016989336 0.8047337278106509 10
1774016989355 0.7582417582417582 11
1774016989375 0.8 12
1774016989395 0.847682119205298 13
1774016989415 0.7360406091370558 14
1774016989132 0.0 0
