1774016989132 0.0 0
1774016989160 0.14634146341463414 1
1774016989179 0.5609756097560976 2
1774016989199 0.5609756097560976 3
1774016989218 0.6048780487804878 4
1774016989238 0.6536585365853659 5
1774016989257 0.6585365853658537 6
1774016989276 0.6682926829268293 7
1774016989297 0.6439024390243903 8
1774016989317 0.6634146341463415 9
1774016989336 0.6634146341463415 10
1774016989355 0.6731707317073171 11
1774016989375 0.624390243902439 12
1774016989395 0.624390243902439 13
1774016989415 0.7073170731707317 14
1774016989132 0.0 0
