1774016989132 0.654726554365719 0
1774016989160 0.5916905262890984 1
1774016989179 0.5290741920471191 2
1774016989199 0.4915326921378865 3
1774016989218 0.4744184350266176 4
1774016989238 0.4655447426964255 5
1774016989257 0.45318471158252044 6
1774016989276 0.4424993834074806 7
1774016989297 0.43880855160601 8
1774016989317 0.43501008959377513 9
1774016989336 0.43281976089758034 10
1774016989355 0.43154146829072165 11
1774016989375 0.4434045746045954 12
1774016989395 0.43461522109368267 13
1774016989415 0.4235258172540104 14
1774016989132 0.654726554365719 0
