1774014706859 0.6161048689138576 0
1774014706885 0.7247191011235955 1
1774014706909 0.7490636704119851 2
1774014706934 0.7490636704119851 3
1774014706958 0.7696629213483146 4
1774014706985 0.7752808988764045 5
1774014707009 0.7921348314606742 6
1774014707035 0.8127340823970037 7
1774014707056 0.7883895131086143 8
1774014707076 0.8014981273408239 9
1774014707095 0.7940074906367042 10
1774014707117 0.8071161048689138 11
1774014707140 0.8108614232209738 12
1774014707159 0.8220973782771536 13
1774014707181 0.8033707865168539 14
1774014706859 0.6161048689138576 0
