1774014706859 0.0 0
1774014706885 0.35121951219512193 1
1774014706909 0.5073170731707317 2
1774014706934 0.5609756097560976 3
1774014706958 0.6634146341463415 4
1774014706985 0.6585365853658537 5
1774014707009 0.6439024390243903 6
1774014707035 0.6731707317073171 7
1774014707056 0.6682926829268293 8
1774014707076 0.7024390243902439 9
1774014707095 0.6390243902439025 10
1774014707117 0.6390243902439025 11
1774014707140 0.6829268292682927 12
1774014707159 0.6878048780487804 13
1774014707181 0.6487804878048781 14
1774014706859 0.0 0
