1774014706859 0.6598663680693683 0
1774014706885 0.5894088201663074 1
1774014706909 0.5169951950802523 2
1774014706934 0.47826729101293225 3
1774014706958 0.4569144546985626 4
1774014706985 0.44926320279345794 5
1774014707009 0.4536818248384139 6
1774014707035 0.4358089531169218 7
1774014707056 0.4355141099761514 8
1774014707076 0.4262046165326062 9
1774014707095 0.430861515157363 10
1774014707117 0.4231020624146742 11
1774014707140 0.4174542593605378 12
1774014707159 0.41129569972262664 13
1774014707181 0.41399867569699006 14
1774014706859 0.6598663680693683 0
