1774014706859 0.0 0
1774014706885 0.8372093023255814 1
1774014706909 0.7591240875912408 2
1774014706934 0.7232704402515723 3
1774014706958 0.7157894736842105 4
1774014706985 0.7297297297297297 5
1774014707009 0.7764705882352941 6
1774014707035 0.8070175438596491 7
1774014707056 0.7527472527472527 8
1774014707076 0.7619047619047619 9
1774014707095 0.7844311377245509 10
1774014707117 0.81875 11
1774014707140 0.7954545454545454 12
1774014707159 0.8197674418604651 13
1774014707181 0.8012048192771084 14
1774014706859 0.0 0
