1774014712735 0.5869565217391305 0
1774014712763 0.6883116883116883 1
1774014712794 0.7166666666666667 2
1774014712823 0.7659574468085106 3
1774014712850 0.7604166666666666 4
1774014712877 0.7708333333333334 5
1774014712904 0.7740112994350282 6
1774014712931 0.7916666666666666 7
1774014712957 0.7954545454545454 8
1774014713001 0.7833333333333333 9
1774014713041 0.7865853658536586 10
1774014713077 0.7964071856287425 11
1774014713104 0.8292682926829268 12
1774014713132 0.8128654970760234 13
1774014713158 0.8125 14
1774014712735 0.5869565217391305 0
