1774014712735 0.6460674157303371 0
1774014712763 0.7247191011235955 1
1774014712794 0.7621722846441947 2
1774014712823 0.8033707865168539 3
1774014712850 0.8033707865168539 4
1774014712877 0.8108614232209738 5
1774014712904 0.797752808988764 6
1774014712931 0.799625468164794 7
1774014712957 0.8108614232209738 8
1774014713001 0.8071161048689138 9
1774014713041 0.7921348314606742 10
1774014713077 0.8014981273408239 11
1774014713104 0.8183520599250936 12
1774014713132 0.8164794007490637 13
1774014713158 0.8220973782771536 14
1774014712735 0.6460674157303371 0
