1774014712735 0.2634146341463415 0
1774014712763 0.5170731707317073 1
1774014712794 0.6292682926829268 2
1774014712823 0.7024390243902439 3
1774014712850 0.7121951219512195 4
1774014712877 0.7219512195121951 5
1774014712904 0.6682926829268293 6
1774014712931 0.6487804878048781 7
1774014712957 0.6829268292682927 8
1774014713001 0.6878048780487804 9
1774014713041 0.6292682926829268 10
1774014713077 0.6487804878048781 11
1774014713104 0.6634146341463415 12
1774014713132 0.6780487804878049 13
1774014713158 0.697560975609756 14
1774014712735 0.2634146341463415 0
