1774014712735 0.6316829113399282 0
1774014712763 0.5618194411782658 1
1774014712794 0.5127241664073047 2
1774014712823 0.49062583376379576 3
1774014712850 0.4622173309326172 4
1774014712877 0.4545776440816767 5
1774014712904 0.45259865592507753 6
1774014712931 0.44130823191474466 7
1774014712957 0.44493071647251353 8
1774014713001 0.4333037926870234 9
1774014713041 0.4437580073581022 10
1774014713077 0.4429295325980467 11
1774014713104 0.41776344355414896 12
1774014713132 0.4291861407897052 13
1774014713158 0.4179814545547261 14
1774014712735 0.6316829113399282 0
