1774013430935 0.4940239043824701 0
1774013430959 0.6463414634146342 1
1774013430983 0.7022222222222222 2
1774013431008 0.7183098591549296 3
1774013431034 0.7069767441860465 4
1774013431059 0.7715736040609137 5
1774013431084 0.7339901477832512 6
1774013431114 0.7891891891891892 7
1774013431139 0.7604166666666666 8
1774013431194 0.7777777777777778 9
1774013431223 0.7914438502673797 10
1774013431251 0.786096256684492 11
1774013431277 0.8433734939759037 12
1774013431303 0.847953216374269 13
1774013431329 0.8125 14
1774013430935 0.4940239043824701 0
