1774013430935 0.6104868913857678 0
1774013430959 0.7509363295880149 1
1774013430983 0.7865168539325843 2
1774013431008 0.7902621722846442 3
1774013431034 0.7827715355805244 4
1774013431059 0.8164794007490637 5
1774013431084 0.7940074906367042 6
1774013431114 0.8164794007490637 7
1774013431139 0.8033707865168539 8
1774013431194 0.8127340823970037 9
1774013431223 0.8202247191011236 10
1774013431251 0.8164794007490637 11
1774013431277 0.8295880149812734 12
1774013431303 0.8389513108614233 13
1774013431329 0.8220973782771536 14
1774013430935 0.6104868913857678 0
