1774013430935 0.6475337638574488 0
1774013430959 0.5548130238757414 1
1774013430983 0.5083896447630489 2
1774013431008 0.4928140868158901 3
1774013431034 0.4599560481660506 4
1774013431059 0.4576755393953884 5
1774013431084 0.4388846544658436 6
1774013431114 0.434082765789593 7
1774013431139 0.41865403687252717 8
1774013431194 0.4549351702718174 9
1774013431223 0.43091755579499635 10
1774013431251 0.42479098544401284 11
1774013431277 0.41434160050223856 12
1774013431303 0.4118066535276525 13
1774013431329 0.42689290116815004 14
1774013430935 0.6475337638574488 0
