1774013430935 0.6048780487804878 0
1774013430959 0.775609756097561 1
1774013430983 0.7707317073170732 2
1774013431008 0.7463414634146341 3
1774013431034 0.7414634146341463 4
1774013431059 0.7414634146341463 5
1774013431084 0.7268292682926829 6
1774013431114 0.7121951219512195 7
1774013431139 0.7121951219512195 8
1774013431194 0.7170731707317073 9
1774013431223 0.7219512195121951 10
1774013431251 0.7170731707317073 11
1774013431277 0.6829268292682927 12
1774013431303 0.7073170731707317 13
1774013431329 0.697560975609756 14
1774013430935 0.6048780487804878 0
