1773996610425 0.5767790079116821 0
1773996610525 0.7284644246101379 1
1773996610609 0.7453183531761169 2
1773996610693 0.7509363293647766 3
1773996610776 0.7771535515785217 4
1773996610859 0.7734082341194153 5
1773996610946 0.7940074801445007 6
1773996611043 0.7921348214149475 7
1773996611126 0.7977527976036072 8
1773996611211 0.7865168452262878 9
1773996611297 0.7808988690376282 10
1773996611383 0.7996254563331604 11
1773996611470 0.8033707737922668 12
1773996611569 0.7921348214149475 13
1773996611655 0.8146067261695862 14
