1773996610425 0.0010000000474974513 0
1773996610525 0.0010000000474974513 1
1773996610609 0.0010000000474974513 2
1773996610693 0.0010000000474974513 3
1773996610776 0.0010000000474974513 4
1773996610859 0.0010000000474974513 5
1773996610946 0.0010000000474974513 6
1773996611043 0.0010000000474974513 7
1773996611126 0.0010000000474974513 8
1773996611211 0.0010000000474974513 9
1773996611297 0.0010000000474974513 10
1773996611383 0.0010000000474974513 11
1773996611470 0.0010000000474974513 12
1773996611569 0.0010000000474974513 13
1773996611655 0.0010000000474974513 14
