1773996610425 0.6629332304000854 0
1773996610525 0.5673965811729431 1
1773996610609 0.511783242225647 2
1773996610693 0.4810517728328705 3
1773996610776 0.45890602469444275 4
1773996610859 0.45230746269226074 5
1773996610946 0.4445715844631195 6
1773996611043 0.4382804334163666 7
1773996611126 0.4435267746448517 8
1773996611211 0.45219749212265015 9
1773996611297 0.4327945113182068 10
1773996611383 0.43699973821640015 11
1773996611470 0.42896005511283875 12
1773996611569 0.4239780902862549 13
1773996611655 0.41882890462875366 14
