1773996610425 0.34328359365463257 0
1773996610525 0.7631579041481018 1
1773996610609 0.7169811129570007 2
1773996610693 0.7250000238418579 3
1773996610776 0.759036123752594 4
1773996610859 0.7386363744735718 5
1773996610946 0.7777777910232544 6
1773996611043 0.7447916865348816 7
1773996611126 0.8012422323226929 8
1773996611211 0.7541899681091309 9
1773996611297 0.7340425252914429 10
1773996611383 0.7692307829856873 11
1773996611470 0.8048780560493469 12
1773996611569 0.75 13
1773996611655 0.8154761791229248 14
