1773996610425 0.11219511926174164 0
1773996610525 0.4243902564048767 1
1773996610609 0.5560975670814514 2
1773996610693 0.5658536553382874 3
1773996610776 0.6146341562271118 4
1773996610859 0.6341463327407837 5
1773996610946 0.6487804651260376 6
1773996611043 0.6975609660148621 7
1773996611126 0.6292682886123657 8
1773996611211 0.6585366129875183 9
1773996611297 0.6731707453727722 10
1773996611383 0.6829268336296082 11
1773996611470 0.6439024209976196 12
1773996611569 0.6878048777580261 13
1773996611655 0.6682927012443542 14
