1774014718525 0.6517930661930758 0
1774014718551 0.553779694963904 1
1774014718576 0.5218660761328304 2
1774014718600 0.4757179249735439 3
1774014718626 0.47353967147714954 4
1774014718651 0.4447572459192837 5
1774014718678 0.4445166552768034 6
1774014718704 0.45739944892771106 7
1774014718729 0.4295065753600177 8
1774014718755 0.42175334516693563 9
1774014718780 0.43026061969644885 10
1774014718805 0.4309532502118279 11
1774014718831 0.42339922926005197 12
1774014718856 0.42142865587683287 13
1774014718881 0.42399534320130067 14
1774014718525 0.6517930661930758 0
