1774014718525 0.6329588014981273 0
1774014718551 0.7397003745318352 1
1774014718576 0.7752808988764045 2
1774014718600 0.7846441947565543 3
1774014718626 0.7865168539325843 4
1774014718651 0.8202247191011236 5
1774014718678 0.8146067415730337 6
1774014718704 0.7940074906367042 7
1774014718729 0.8164794007490637 8
1774014718755 0.8220973782771536 9
1774014718780 0.799625468164794 10
1774014718805 0.799625468164794 11
1774014718831 0.8295880149812734 12
1774014718856 0.8183520599250936 13
1774014718881 0.8277153558052435 14
1774014718525 0.6329588014981273 0
