1774014718525 0.5183673469387755 0
1774014718551 0.6460176991150443 1
1774014718576 0.6995305164319249 2
1774014718600 0.7142857142857143 3
1774014718626 0.7309644670050761 4
1774014718651 0.7794871794871795 5
1774014718678 0.7819148936170213 6
1774014718704 0.7653631284916201 7
1774014718729 0.8022598870056498 8
1774014718755 0.7835051546391752 9
1774014718780 0.7634408602150538 10
1774014718805 0.7916666666666666 11
1774014718831 0.8392857142857143 12
1774014718856 0.8 13
1774014718881 0.8265895953757225 14
1774014718525 0.5183673469387755 0
