1774014718525 0.6195121951219512 0
1774014718551 0.7121951219512195 1
1774014718576 0.7268292682926829 2
1774014718600 0.7317073170731707 3
1774014718626 0.7024390243902439 4
1774014718651 0.7414634146341463 5
1774014718678 0.7170731707317073 6
1774014718704 0.6682926829268293 7
1774014718729 0.6926829268292682 8
1774014718755 0.7414634146341463 9
1774014718780 0.6926829268292682 10
1774014718805 0.6487804878048781 11
1774014718831 0.6878048780487804 12
1774014718856 0.7024390243902439 13
1774014718881 0.697560975609756 14
1774014718525 0.6195121951219512 0
