1773996631860 0.5917602777481079 0
1773996631950 0.7322097420692444 1
1773996632049 0.7565543055534363 2
1773996632139 0.7640449404716492 3
1773996632226 0.7715355753898621 4
1773996632315 0.8033707737922668 5
1773996632402 0.7715355753898621 6
1773996632489 0.7865168452262878 7
1773996632593 0.8014981150627136 8
1773996632679 0.795880138874054 9
1773996632772 0.7902621626853943 10
1773996632861 0.7846441864967346 11
1773996632950 0.8033707737922668 12
1773996633048 0.812734067440033 13
1773996633133 0.7940074801445007 14
