1773996631860 0.0010000000474974513 0
1773996631950 0.0010000000474974513 1
1773996632049 0.0010000000474974513 2
1773996632139 0.0010000000474974513 3
1773996632226 0.0010000000474974513 4
1773996632315 0.0010000000474974513 5
1773996632402 0.0010000000474974513 6
1773996632489 0.0010000000474974513 7
1773996632593 0.0010000000474974513 8
1773996632679 0.0010000000474974513 9
1773996632772 0.0010000000474974513 10
1773996632861 0.0010000000474974513 11
1773996632950 0.0010000000474974513 12
1773996633048 0.0010000000474974513 13
1773996633133 0.0010000000474974513 14
