1773996631860 2.2654154300689697 0
1773996631950 2.0374183654785156 1
1773996632049 1.9358271360397339 2
1773996632139 1.875083565711975 3
1773996632226 1.7878721952438354 4
1773996632315 1.7020829916000366 5
1773996632402 1.689437747001648 6
1773996632489 1.6273876428604126 7
1773996632593 1.5305910110473633 8
1773996632679 1.4837703704833984 9
1773996632772 1.43315851688385 10
1773996632861 1.4040812253952026 11
1773996632950 1.335881233215332 12
1773996633048 1.2895339727401733 13
1773996633133 1.2746014595031738 14
