1773996631860 0.4734693765640259 0
1773996631950 0.6504854559898376 1
1773996632049 0.679425835609436 2
1773996632139 0.6926829218864441 3
1773996632226 0.7128205299377441 4
1773996632315 0.7777777910232544 5
1773996632402 0.7219251394271851 6
1773996632489 0.763005793094635 7
1773996632593 0.7928994297981262 8
1773996632679 0.7891566157341003 9
1773996632772 0.7657142877578735 10
1773996632861 0.7710843086242676 11
1773996632950 0.7840909361839294 12
1773996633048 0.7932960987091064 13
1773996633133 0.7653631567955017 14
