1773996631860 0.5658536553382874 0
1773996631950 0.6536585092544556 1
1773996632049 0.6926829218864441 2
1773996632139 0.6926829218864441 3
1773996632226 0.6780487895011902 4
1773996632315 0.6829268336296082 5
1773996632402 0.6585366129875183 6
1773996632489 0.6439024209976196 7
1773996632593 0.6536585092544556 8
1773996632679 0.6390243768692017 9
1773996632772 0.6536585092544556 10
1773996632861 0.6243902444839478 11
1773996632950 0.6731707453727722 12
1773996633048 0.6926829218864441 13
1773996633133 0.6682927012443542 14
