1774013419538 0.6759116789873909 0
1774013419558 0.5889114071341122 1
1774013419578 0.5294356486376595 2
1774013419598 0.48340054995873394 3
1774013419617 0.4594937510350171 4
1774013419678 0.4578070070813684 5
1774013419698 0.43900947886354785 6
1774013419720 0.4289628845803878 7
1774013419739 0.43445850821102366 8
1774013419759 0.43726934054318595 9
1774013419779 0.4235231858842513 10
1774013419798 0.4138607943759245 11
1774013419818 0.4168725750025581 12
1774013419838 0.41211578249931335 13
1774013419885 0.42518147124963646 14
1774013419538 0.6759116789873909 0
