1774013419538 0.5730337078651685 0
1774013419558 0.6704119850187266 1
1774013419578 0.7528089887640449 2
1774013419598 0.7565543071161048 3
1774013419617 0.7827715355805244 4
1774013419678 0.7808988764044944 5
1774013419698 0.8052434456928839 6
1774013419720 0.8052434456928839 7
1774013419739 0.8033707865168539 8
1774013419759 0.7902621722846442 9
1774013419779 0.8014981273408239 10
1774013419798 0.8127340823970037 11
1774013419818 0.8108614232209738 12
1774013419838 0.8146067415730337 13
1774013419885 0.799625468164794 14
1774013419538 0.5730337078651685 0
