1774013419538 0.43352601156069365 0
1774013419558 0.9142857142857143 1
1774013419578 0.762589928057554 2
1774013419598 0.7167630057803468 3
1774013419617 0.7282051282051282 4
1774013419678 0.7471910112359551 5
1774013419698 0.7988165680473372 6
1774013419720 0.8098159509202454 7
1774013419739 0.8125 8
1774013419759 0.7569060773480663 9
1774013419779 0.7861271676300579 10
1774013419798 0.8343949044585988 11
1774013419818 0.8209876543209876 12
1774013419838 0.797752808988764 13
1774013419885 0.7816091954022989 14
1774013419538 0.43352601156069365 0
