1774013419538 0.36585365853658536 0
1774013419558 0.15609756097560976 1
1774013419578 0.5170731707317073 2
1774013419598 0.6048780487804878 3
1774013419617 0.6926829268292682 4
1774013419678 0.6487804878048781 5
1774013419698 0.6585365853658537 6
1774013419720 0.6439024390243903 7
1774013419739 0.6341463414634146 8
1774013419759 0.6682926829268293 9
1774013419779 0.6634146341463415 10
1774013419798 0.6390243902439025 11
1774013419818 0.6487804878048781 12
1774013419838 0.6926829268292682 13
1774013419885 0.6634146341463415 14
1774013419538 0.36585365853658536 0
