1774013428208 0.5944444444444444 0
1774013428234 0.6880733944954128 1
1774013428260 0.7241379310344828 2
1774013428285 0.7014218009478673 3
1774013428311 0.7696335078534031 4
1774013428335 0.7888888888888889 5
1774013428361 0.7978142076502732 6
1774013428392 0.7880434782608695 7
1774013428420 0.7808988764044944 8
1774013428445 0.7513513513513513 9
1774013428470 0.7942857142857143 10
1774013428495 0.8048780487804879 11
1774013428521 0.8055555555555556 12
1774013428547 0.791907514450867 13
1774013428572 0.8160919540229885 14
1774013428208 0.5944444444444444 0
