1774013428208 0.5967310561853296 0
1774013428234 0.4987778838943033 1
1774013428260 0.48057446409674254 2
1774013428285 0.45646848398096423 3
1774013428311 0.44719198346138 4
1774013428335 0.4409586471669814 5
1774013428361 0.41552269108155193 6
1774013428392 0.4257216400959912 7
1774013428420 0.4320223559351528 8
1774013428445 0.43712455910794873 9
1774013428470 0.42744170041645274 10
1774013428495 0.4298095107078552 11
1774013428521 0.41975108665578503 12
1774013428547 0.42305560672984405 13
1774013428572 0.420355630271575 14
1774013428208 0.5967310561853296 0
