1774013428208 0.6797752808988764 0
1774013428234 0.7696629213483146 1
1774013428260 0.7865168539325843 2
1774013428285 0.7752808988764045 3
1774013428311 0.8089887640449438 4
1774013428335 0.8108614232209738 5
1774013428361 0.8202247191011236 6
1774013428392 0.8146067415730337 7
1774013428420 0.8033707865168539 8
1774013428445 0.7902621722846442 9
1774013428470 0.8089887640449438 10
1774013428495 0.8033707865168539 11
1774013428521 0.8220973782771536 12
1774013428547 0.8052434456928839 13
1774013428572 0.8220973782771536 14
1774013428208 0.6797752808988764 0
