1774013428208 0.5219512195121951 0
1774013428234 0.7317073170731707 1
1774013428260 0.7170731707317073 2
1774013428285 0.7219512195121951 3
1774013428311 0.7170731707317073 4
1774013428335 0.6926829268292682 5
1774013428361 0.7121951219512195 6
1774013428392 0.7073170731707317 7
1774013428420 0.6780487804878049 8
1774013428445 0.6780487804878049 9
1774013428470 0.6780487804878049 10
1774013428495 0.6439024390243903 11
1774013428521 0.7073170731707317 12
1774013428547 0.6682926829268293 13
1774013428572 0.6926829268292682 14
1774013428208 0.5219512195121951 0
