1773935840193 0.7078651785850525 0
1773935840285 0.7265917658805847 1
1773935840374 0.762172281742096 2
1773935840464 0.7677902579307556 3
1773935840563 0.7883895039558411 4
1773935840650 0.7883895039558411 5
1773935840738 0.812734067440033 6
1773935840828 0.8183520436286926 7
1773935840923 0.795880138874054 8
1773935841027 0.8146067261695862 9
1773935841130 0.8108614087104797 10
1773935841219 0.8183520436286926 11
1773935841312 0.8239700198173523 12
1773935841412 0.8314606547355652 13
1773935841513 0.8183520436286926 14
