1773935840193 0.0010000000474974513 0
1773935840285 0.0010000000474974513 1
1773935840374 0.0010000000474974513 2
1773935840464 0.0010000000474974513 3
1773935840563 0.0010000000474974513 4
1773935840650 0.0010000000474974513 5
1773935840738 0.0010000000474974513 6
1773935840828 0.0010000000474974513 7
1773935840923 0.0010000000474974513 8
1773935841027 0.0010000000474974513 9
1773935841130 0.0010000000474974513 10
1773935841219 0.0010000000474974513 11
1773935841312 0.0010000000474974513 12
1773935841412 0.0010000000474974513 13
1773935841513 0.0010000000474974513 14
