1773935840193 0.6102827787399292 0
1773935840285 0.5294824242591858 1
1773935840374 0.4878424108028412 2
1773935840464 0.46681082248687744 3
1773935840563 0.44353342056274414 4
1773935840650 0.43496638536453247 5
1773935840738 0.42060086131095886 6
1773935840828 0.4247894287109375 7
1773935840923 0.41540223360061646 8
1773935841027 0.4060867130756378 9
1773935841130 0.4088972210884094 10
1773935841219 0.4015680253505707 11
1773935841312 0.39444205164909363 12
1773935841412 0.3937515318393707 13
1773935841513 0.38865038752555847 14
