1773935840193 0.7816091775894165 0
1773935840285 0.6705202460289001 1
1773935840374 0.7708333134651184 2
1773935840464 0.7396449446678162 3
1773935840563 0.7555555701255798 4
1773935840650 0.7613636255264282 5
1773935840738 0.8106508851051331 6
1773935840828 0.8103448152542114 7
1773935840923 0.7553191781044006 8
1773935841027 0.8117647171020508 9
1773935841130 0.7736842036247253 10
1773935841219 0.8103448152542114 11
1773935841312 0.8363636136054993 12
1773935841412 0.8443113565444946 13
1773935841513 0.800000011920929 14
