1773935840193 0.33170732855796814 0
1773935840285 0.5658536553382874 1
1773935840374 0.5414634346961975 2
1773935840464 0.6097561120986938 3
1773935840563 0.6634146571159363 4
1773935840650 0.6536585092544556 5
1773935840738 0.6682927012443542 6
1773935840828 0.6878048777580261 7
1773935840923 0.6926829218864441 8
1773935841027 0.6731707453727722 9
1773935841130 0.7170731425285339 10
1773935841219 0.6878048777580261 11
1773935841312 0.6731707453727722 12
1773935841412 0.6878048777580261 13
1773935841513 0.70243901014328 14
