1774017051551 0.651685393258427 0
1774017051579 0.7434456928838952 1
1774017051607 0.7696629213483146 2
1774017051634 0.8089887640449438 3
1774017051671 0.8146067415730337 4
1774017051703 0.795880149812734 5
1774017051733 0.799625468164794 6
1774017051766 0.8146067415730337 7
1774017051797 0.8202247191011236 8
1774017051847 0.8239700374531835 9
1774017051874 0.8352059925093633 10
1774017051901 0.8202247191011236 11
1774017051930 0.8333333333333334 12
1774017051957 0.8258426966292135 13
1774017051987 0.8314606741573034 14
1774017051551 0.651685393258427 0
