1774017051551 0.6383599077954012 0
1774017051579 0.5430509255212896 1
1774017051607 0.5080432085429921 2
1774017051634 0.47342266580637765 3
1774017051671 0.446433226851856 4
1774017051703 0.45013103239676533 5
1774017051733 0.43800293522722583 6
1774017051766 0.4148713700911578 7
1774017051797 0.41843932165819053 8
1774017051847 0.41334253549575806 9
1774017051874 0.4284989272846895 10
1774017051901 0.41199539514148936 11
1774017051930 0.42095086153815775 12
1774017051957 0.39318328394609336 13
1774017051987 0.39230426094111276 14
1774017051551 0.6383599077954012 0
