1774013425445 0.526829268292683 0
1774013425472 0.6926829268292682 1
1774013425498 0.6682926829268293 2
1774013425524 0.6829268292682927 3
1774013425551 0.7121951219512195 4
1774013425577 0.6634146341463415 5
1774013425608 0.697560975609756 6
1774013425634 0.6829268292682927 7
1774013425694 0.7121951219512195 8
1774013425721 0.6780487804878049 9
1774013425747 0.6829268292682927 10
1774013425773 0.6926829268292682 11
1774013425801 0.6487804878048781 12
1774013425827 0.697560975609756 13
1774013425853 0.6585365853658537 14
1774013425445 0.526829268292683 0
