1774013425445 0.5806451612903226 0
1774013425472 0.6826923076923077 1
1774013425498 0.7445652173913043 2
1774013425524 0.7142857142857143 3
1774013425551 0.7724867724867724 4
1774013425577 0.7906976744186046 5
1774013425608 0.7771739130434783 6
1774013425634 0.7909604519774012 7
1774013425694 0.7934782608695652 8
1774013425721 0.7988505747126436 9
1774013425747 0.7777777777777778 10
1774013425773 0.8255813953488372 11
1774013425801 0.806060606060606 12
1774013425827 0.8125 13
1774013425853 0.8035714285714286 14
1774013425445 0.5806451612903226 0
