1774013425445 0.6722846441947565 0
1774013425472 0.7584269662921348 1
1774013425498 0.7846441947565543 2
1774013425524 0.7734082397003745 3
1774013425551 0.8089887640449438 4
1774013425577 0.8033707865168539 5
1774013425608 0.8071161048689138 6
1774013425634 0.8089887640449438 7
1774013425694 0.8183520599250936 8
1774013425721 0.8108614232209738 9
1774013425747 0.8033707865168539 10
1774013425773 0.8258426966292135 11
1774013425801 0.8052434456928839 12
1774013425827 0.8220973782771536 13
1774013425853 0.8071161048689138 14
1774013425445 0.6722846441947565 0
