1774013425445 0.6173508728251738 0
1774013425472 0.5389519281247083 1
1774013425498 0.49335263406529145 2
1774013425524 0.48774147033691406 3
1774013425551 0.460374909288743 4
1774013425577 0.434629631393096 5
1774013425608 0.45179884398684783 6
1774013425634 0.43152719385483684 7
1774013425694 0.4254928651977988 8
1774013425721 0.4241817909128526 9
1774013425747 0.44521737799924965 10
1774013425773 0.42517130865770225 11
1774013425801 0.4249361508032855 12
1774013425827 0.41446637931992025 13
1774013425853 0.43273432640468373 14
1774013425445 0.6173508728251738 0
