1773996762399 0.704119861125946 0
1773996762487 0.7902621626853943 1
1773996762575 0.7808988690376282 2
1773996762661 0.7883895039558411 3
1773996762762 0.7996254563331604 4
1773996762853 0.8014981150627136 5
1773996762941 0.7902621626853943 6
1773996763026 0.7977527976036072 7
1773996763111 0.8220973610877991 8
1773996763205 0.8183520436286926 9
1773996763298 0.8389512896537781 10
1773996763385 0.8277153372764587 11
1773996763474 0.8146067261695862 12
1773996763558 0.8352059721946716 13
1773996763643 0.8202247023582458 14
