1773996762399 0.5565190315246582 0
1773996762487 0.47152677178382874 1
1773996762575 0.47347530722618103 2
1773996762661 0.46605321764945984 3
1773996762762 0.4323517978191376 4
1773996762853 0.42709749937057495 5
1773996762941 0.44849893450737 6
1773996763026 0.42649826407432556 7
1773996763111 0.413102924823761 8
1773996763205 0.4134658873081207 9
1773996763298 0.4012162685394287 10
1773996763385 0.4131694734096527 11
1773996763474 0.4165722131729126 12
1773996763558 0.40220966935157776 13
1773996763643 0.425728440284729 14
