1773996762399 0.6298342347145081 0
1773996762487 0.7657142877578735 1
1773996762575 0.7365591526031494 2
1773996762661 0.7948718070983887 3
1773996762762 0.7722222208976746 4
1773996762853 0.800000011920929 5
1773996762941 0.7888198494911194 6
1773996763026 0.7437185645103455 7
1773996763111 0.8571428656578064 8
1773996763205 0.8176470398902893 9
1773996763298 0.8650306463241577 10
1773996763385 0.8466257452964783 11
1773996763474 0.8081395626068115 12
1773996763558 0.9090909361839294 13
1773996763643 0.8427672982215881 14
