1773996762399 0.5560975670814514 0
1773996762487 0.6536585092544556 1
1773996762575 0.6682927012443542 2
1773996762661 0.6048780679702759 3
1773996762762 0.6780487895011902 4
1773996762853 0.6439024209976196 5
1773996762941 0.6195122003555298 6
1773996763026 0.7219512462615967 7
1773996763111 0.6439024209976196 8
1773996763205 0.6780487895011902 9
1773996763298 0.6878048777580261 10
1773996763385 0.6731707453727722 11
1773996763474 0.6780487895011902 12
1773996763558 0.6341463327407837 13
1773996763643 0.6536585092544556 14
