1773996606178 0.6910112500190735 0
1773996606263 0.7359550595283508 1
1773996606348 0.7565543055534363 2
1773996606434 0.7808988690376282 3
1773996606533 0.7996254563331604 4
1773996606619 0.7865168452262878 5
1773996606703 0.8202247023582458 6
1773996606789 0.8202247023582458 7
1773996606875 0.8108614087104797 8
1773996606962 0.8014981150627136 9
1773996607049 0.8089887499809265 10
1773996607134 0.8052434325218201 11
1773996607219 0.8258426785469055 12
1773996607305 0.812734067440033 13
1773996607394 0.8146067261695862 14
