1773996606178 0.0010000000474974513 0
1773996606263 0.0010000000474974513 1
1773996606348 0.0010000000474974513 2
1773996606434 0.0010000000474974513 3
1773996606533 0.0010000000474974513 4
1773996606619 0.0010000000474974513 5
1773996606703 0.0010000000474974513 6
1773996606789 0.0010000000474974513 7
1773996606875 0.0010000000474974513 8
1773996606962 0.0005000000237487257 9
1773996607049 0.0005000000237487257 10
1773996607134 0.0005000000237487257 11
1773996607219 0.0005000000237487257 12
1773996607305 0.0005000000237487257 13
1773996607394 0.0005000000237487257 14
