1773996606178 0.5917280912399292 0
1773996606263 0.5198144316673279 1
1773996606348 0.48300981521606445 2
1773996606434 0.4561978578567505 3
1773996606533 0.4458814263343811 4
1773996606619 0.4398269057273865 5
1773996606703 0.4258526563644409 6
1773996606789 0.4237651526927948 7
1773996606875 0.4204288721084595 8
1773996606962 0.4161052703857422 9
1773996607049 0.4160307049751282 10
1773996607134 0.41504064202308655 11
1773996607219 0.4103488028049469 12
1773996607305 0.4068030118942261 13
1773996607394 0.4039633870124817 14
