1773996606178 0.8846153616905212 0
1773996606263 0.6777777671813965 1
1773996606348 0.7218934893608093 2
1773996606434 0.7682926654815674 3
1773996606533 0.7848837375640869 4
1773996606619 0.7407407164573669 5
1773996606703 0.826347291469574 6
1773996606789 0.7684729099273682 7
1773996606875 0.8095238208770752 8
1773996606962 0.7704917788505554 9
1773996607049 0.790960431098938 10
1773996607134 0.7537688612937927 11
1773996607219 0.8733333349227905 12
1773996607305 0.7868852615356445 13
1773996607394 0.791208803653717 14
