1773996606178 0.22439023852348328 0
1773996606263 0.5951219797134399 1
1773996606348 0.5951219797134399 2
1773996606434 0.6146341562271118 3
1773996606533 0.6585366129875183 4
1773996606619 0.6829268336296082 5
1773996606703 0.6731707453727722 6
1773996606789 0.7609755992889404 7
1773996606875 0.6634146571159363 8
1773996606962 0.6878048777580261 9
1773996607049 0.6829268336296082 10
1773996607134 0.7317073345184326 11
1773996607219 0.6390243768692017 12
1773996607305 0.70243901014328 13
1773996607394 0.70243901014328 14
