1774016983716 0.0 0
1774016983737 1.0 1
1774016983759 0.7666666666666667 2
1774016983779 0.7142857142857143 3
1774016983800 0.7456647398843931 4
1774016983820 0.7752808988764045 5
1774016983840 0.7192118226600985 6
1774016983869 0.7384615384615385 7
1774016983890 0.7566137566137566 8
1774016983911 0.7587939698492462 9
1774016983932 0.7653631284916201 10
1774016983952 0.7671957671957672 11
1774016983972 0.7524752475247525 12
1774016983992 0.776595744680851 13
1774016984014 0.75 14
1774016983716 0.0 0
