1774016983716 0.6161048689138576 0
1774016983737 0.6292134831460674 1
1774016983759 0.7359550561797753 2
1774016983779 0.7340823970037453 3
1774016983800 0.7752808988764045 4
1774016983820 0.799625468164794 5
1774016983840 0.7827715355805244 6
1774016983869 0.7902621722846442 7
1774016983890 0.797752808988764 8
1774016983911 0.8089887640449438 9
1774016983932 0.7940074906367042 10
1774016983952 0.8052434456928839 11
1774016983972 0.8071161048689138 12
1774016983992 0.8108614232209738 13
1774016984014 0.799625468164794 14
1774016983716 0.6161048689138576 0
