1774016983716 0.6620799127747031 0
1774016983737 0.6095097029910368 1
1774016983759 0.5562622739988214 2
1774016983779 0.5132064977112938 3
1774016983800 0.4704399073825163 4
1774016983820 0.4565371125936508 5
1774016983840 0.4432213096057667 6
1774016983869 0.4320661197690403 7
1774016983890 0.42790648691794453 8
1774016983911 0.4315410519347471 9
1774016983932 0.4304547888391158 10
1774016983952 0.42560701159869924 11
1774016983972 0.42555233310250673 12
1774016983992 0.41664500446880565 13
1774016984014 0.4264410681584302 14
1774016983716 0.6620799127747031 0
