1774016983716 0.0 0
1774016983737 0.03414634146341464 1
1774016983759 0.44878048780487806 2
1774016983779 0.5121951219512195 3
1774016983800 0.6292682926829268 4
1774016983820 0.6731707317073171 5
1774016983840 0.7121951219512195 6
1774016983869 0.7024390243902439 7
1774016983890 0.697560975609756 8
1774016983911 0.7365853658536585 9
1774016983932 0.6682926829268293 10
1774016983952 0.7073170731707317 11
1774016983972 0.7414634146341463 12
1774016983992 0.7121951219512195 13
1774016984014 0.7170731707317073 14
1774016983716 0.0 0
