1774014709966 0.6123595505617978 0
1774014709985 0.651685393258427 1
1774014710005 0.7434456928838952 2
1774014710025 0.7490636704119851 3
1774014710046 0.7734082397003745 4
1774014710066 0.7921348314606742 5
1774014710085 0.7921348314606742 6
1774014710105 0.7790262172284644 7
1774014710125 0.7940074906367042 8
1774014710147 0.799625468164794 9
1774014710166 0.799625468164794 10
1774014710187 0.7940074906367042 11
1774014710206 0.8052434456928839 12
1774014710225 0.8033707865168539 13
1774014710245 0.8033707865168539 14
1774014709966 0.6123595505617978 0
