1774014709966 0.2146341463414634 0
1774014709985 0.11707317073170732 1
1774014710005 0.5121951219512195 2
1774014710025 0.5902439024390244 3
1774014710046 0.6634146341463415 4
1774014710066 0.6585365853658537 5
1774014710085 0.6585365853658537 6
1774014710105 0.6926829268292682 7
1774014710125 0.6487804878048781 8
1774014710147 0.6585365853658537 9
1774014710166 0.6780487804878049 10
1774014710187 0.6585365853658537 11
1774014710206 0.6146341463414634 12
1774014710225 0.6829268292682927 13
1774014710245 0.6634146341463415 14
1774014709966 0.2146341463414634 0
