1774014709966 0.6730082070126253 0
1774014709985 0.6001916036886328 1
1774014710005 0.5236068578327403 2
1774014710025 0.49609244045089274 3
1774014710046 0.4614074633401983 4
1774014710066 0.4584430315915276 5
1774014710085 0.4509908188791836 6
1774014710105 0.4426988398327547 7
1774014710125 0.4380827686365913 8
1774014710147 0.4344891940846163 9
1774014710166 0.42395198345184326 10
1774014710187 0.4251449563924004 11
1774014710206 0.42331399461802316 12
1774014710225 0.42756763451239643 13
1774014710245 0.42945026650148277 14
1774014709966 0.6730082070126253 0
