1774014709966 0.4888888888888889 0
1774014709985 0.8275862068965517 1
1774014710005 0.7394366197183099 2
1774014710025 0.7076023391812866 3
1774014710046 0.723404255319149 4
1774014710066 0.7670454545454546 5
1774014710085 0.7670454545454546 6
1774014710105 0.7208121827411168 7
1774014710125 0.7777777777777778 8
1774014710147 0.7848837209302325 9
1774014710166 0.7722222222222223 10
1774014710187 0.7714285714285715 11
1774014710206 0.8344370860927153 12
1774014710225 0.7777777777777778 13
1774014710245 0.7906976744186046 14
1774014709966 0.4888888888888889 0
