1774016994646 0.5840336134453782 0
1774016994673 0.6976744186046512 1
1774016994699 0.725 2
1774016994725 0.7564766839378239 3
1774016994751 0.7671957671957672 4
1774016994777 0.7727272727272727 5
1774016994805 0.8176795580110497 6
1774016994831 0.7747252747252747 7
1774016994858 0.7688172043010753 8
1774016994883 0.8 9
1774016994910 0.8 10
1774016994936 0.7880434782608695 11
1774016994963 0.8294117647058824 12
1774016994988 0.8068181818181818 13
1774016995014 0.8192771084337349 14
1774016994646 0.5840336134453782 0
