1774016994646 0.6910112359550562 0
1774016994673 0.7752808988764045 1
1774016994699 0.7846441947565543 2
1774016994725 0.8014981273408239 3
1774016994751 0.8052434456928839 4
1774016994777 0.8183520599250936 5
1774016994805 0.8314606741573034 6
1774016994831 0.8033707865168539 7
1774016994858 0.8033707865168539 8
1774016994883 0.8183520599250936 9
1774016994910 0.8127340823970037 10
1774016994936 0.8146067415730337 11
1774016994963 0.8258426966292135 12
1774016994988 0.8183520599250936 13
1774016995014 0.8146067415730337 14
1774016994646 0.6910112359550562 0
