1774016994646 0.6780487804878049 0
1774016994673 0.7317073170731707 1
1774016994699 0.7073170731707317 2
1774016994725 0.7121951219512195 3
1774016994751 0.7073170731707317 4
1774016994777 0.7463414634146341 5
1774016994805 0.7219512195121951 6
1774016994831 0.6878048780487804 7
1774016994858 0.697560975609756 8
1774016994883 0.7024390243902439 9
1774016994910 0.6829268292682927 10
1774016994936 0.7073170731707317 11
1774016994963 0.6878048780487804 12
1774016994988 0.6926829268292682 13
1774016995014 0.6634146341463415 14
1774016994646 0.6780487804878049 0
