1774016994646 0.5971160268082338 0
1774016994673 0.506287965704413 1
1774016994699 0.4773916233988369 2
1774016994725 0.45865190379759846 3
1774016994751 0.45110173961695504 4
1774016994777 0.44086358301779804 5
1774016994805 0.4407999918741338 6
1774016994831 0.4403952815953423 7
1774016994858 0.427738797138719 8
1774016994883 0.42964889021480784 9
1774016994910 0.4312528406872469 10
1774016994936 0.43711846540955934 11
1774016994963 0.4209865752388449 12
1774016994988 0.4319951990071465 13
1774016995014 0.43392561639056487 14
1774016994646 0.5971160268082338 0
