1773996624583 0.5917602777481079 0
1773996624672 0.7471910119056702 1
1773996624759 0.7808988690376282 2
1773996624852 0.7715355753898621 3
1773996624941 0.7546816468238831 4
1773996625043 0.7977527976036072 5
1773996625130 0.8033707737922668 6
1773996625217 0.8014981150627136 7
1773996625304 0.7846441864967346 8
1773996625393 0.7883895039558411 9
1773996625489 0.7921348214149475 10
1773996625594 0.7902621626853943 11
1773996625684 0.8014981150627136 12
1773996625770 0.8258426785469055 13
1773996625857 0.8089887499809265 14
