1773996624583 0.0010000000474974513 0
1773996624672 0.0010000000474974513 1
1773996624759 0.0010000000474974513 2
1773996624852 0.0010000000474974513 3
1773996624941 0.0010000000474974513 4
1773996625043 0.0010000000474974513 5
1773996625130 0.0010000000474974513 6
1773996625217 0.0010000000474974513 7
1773996625304 0.0010000000474974513 8
1773996625393 0.0010000000474974513 9
1773996625489 0.0010000000474974513 10
1773996625594 0.0010000000474974513 11
1773996625684 0.0010000000474974513 12
1773996625770 0.0010000000474974513 13
1773996625857 0.0010000000474974513 14
