1773996624583 2.242037057876587 0
1773996624672 1.9625505208969116 1
1773996624759 1.8511903285980225 2
1773996624852 1.784867525100708 3
1773996624941 1.7244974374771118 4
1773996625043 1.6271255016326904 5
1773996625130 1.5445160865783691 6
1773996625217 1.5119177103042603 7
1773996625304 1.4306293725967407 8
1773996625393 1.3933240175247192 9
1773996625489 1.3444660902023315 10
1773996625594 1.2950427532196045 11
1773996625684 1.2567681074142456 12
1773996625770 1.1881253719329834 13
1773996625857 1.1602623462677002 14
