1773996624583 0.47186148166656494 0
1773996624672 0.6620370149612427 1
1773996624759 0.7115384340286255 2
1773996624852 0.710659921169281 3
1773996624941 0.6761904954910278 4
1773996625043 0.7566137313842773 5
1773996625130 0.77173912525177 6
1773996625217 0.7675675749778748 7
1773996625304 0.7419354915618896 8
1773996625393 0.7613636255264282 9
1773996625489 0.7670454382896423 10
1773996625594 0.7540983557701111 11
1773996625684 0.7796609997749329 12
1773996625770 0.804347813129425 13
1773996625857 0.7814207673072815 14
