1773996624583 0.5317073464393616 0
1773996624672 0.6975609660148621 1
1773996624759 0.7219512462615967 2
1773996624852 0.6829268336296082 3
1773996624941 0.6926829218864441 4
1773996625043 0.6975609660148621 5
1773996625130 0.6926829218864441 6
1773996625217 0.6926829218864441 7
1773996625304 0.6731707453727722 8
1773996625393 0.6536585092544556 9
1773996625489 0.6585366129875183 10
1773996625594 0.6731707453727722 11
1773996625684 0.6731707453727722 12
1773996625770 0.7219512462615967 13
1773996625857 0.6975609660148621 14
