1773996617661 0.6198501586914062 0
1773996617756 0.7172284722328186 1
1773996617855 0.7453183531761169 2
1773996617950 0.762172281742096 3
1773996618058 0.7771535515785217 4
1773996618154 0.7771535515785217 5
1773996618246 0.7752808928489685 6
1773996618345 0.8108614087104797 7
1773996618453 0.7846441864967346 8
1773996618568 0.795880138874054 9
1773996618659 0.779026210308075 10
1773996618753 0.8071160912513733 11
1773996618868 0.8014981150627136 12
1773996618998 0.8089887499809265 13
1773996619096 0.8164793848991394 14
