1773996617661 0.0010000000474974513 0
1773996617756 0.0010000000474974513 1
1773996617855 0.0010000000474974513 2
1773996617950 0.0010000000474974513 3
1773996618058 0.0010000000474974513 4
1773996618154 0.0010000000474974513 5
1773996618246 0.0010000000474974513 6
1773996618345 0.0010000000474974513 7
1773996618453 0.0010000000474974513 8
1773996618568 0.0010000000474974513 9
1773996618659 0.0010000000474974513 10
1773996618753 0.0010000000474974513 11
1773996618868 0.0010000000474974513 12
1773996618998 0.0010000000474974513 13
1773996619096 0.0010000000474974513 14
