1773996617661 2.2228176593780518 0
1773996617756 1.9747657775878906 1
1773996617855 1.910041093826294 2
1773996617950 1.818419337272644 3
1773996618058 1.712807059288025 4
1773996618154 1.6550201177597046 5
1773996618246 1.6457353830337524 6
1773996618345 1.530961275100708 7
1773996618453 1.5258039236068726 8
1773996618568 1.4785863161087036 9
1773996618659 1.440980315208435 10
1773996618753 1.377612590789795 11
1773996618868 1.33318030834198 12
1773996618998 1.3027842044830322 13
1773996619096 1.2859097719192505 14
