1773996617661 0.5043103694915771 0
1773996617756 0.625 1
1773996617855 0.6699507236480713 2
1773996617950 0.7010309100151062 3
1773996618058 0.7388888597488403 4
1773996618154 0.728723406791687 5
1773996618246 0.7225130796432495 6
1773996618345 0.7708333134651184 7
1773996618453 0.7647058963775635 8
1773996618568 0.7666666507720947 9
1773996618659 0.7604790329933167 10
1773996618753 0.7965116500854492 11
1773996618868 0.7765362858772278 12
1773996618998 0.7976878881454468 13
1773996619096 0.8057143092155457 14
