1773996617661 0.5707316994667053 0
1773996617756 0.6585366129875183 1
1773996617855 0.6634146571159363 2
1773996617950 0.6634146571159363 3
1773996618058 0.6487804651260376 4
1773996618154 0.6682927012443542 5
1773996618246 0.6731707453727722 6
1773996618345 0.7219512462615967 7
1773996618453 0.6341463327407837 8
1773996618568 0.6731707453727722 9
1773996618659 0.6195122003555298 10
1773996618753 0.6682927012443542 11
1773996618868 0.6780487895011902 12
1773996618998 0.6731707453727722 13
1773996619096 0.6878048777580261 14
